FindTheNestWayOfCity
5 8
1 2 2
1 5 10
2 3 3
2 5 7
3 1 4
3 4 4
4 5 5
5 3 3

LeastTurnThePlane
5 7 1 5
1 2
1 3
2 3
2 4
3 4
3 5
4 5

IfHasCircle
{ 0, 1, 1, 1 }, 
{ 1, 0, 1, 0 }, 
{ 1, 1, 0, 0 }, 
{ 1, 0, 0, 0 } 

{ 0, 1, 0, 1 }, 
{ 1, 0, 0, 0 }, 
{ 0, 0, 0, 1 }, 
{ 1, 0, 1, 0 } 

{ 0, 1, 1, 0 ,0}, 
{ 1, 0, 0, 1,0 }, 
{ 1, 0, 0, 0,1 }, 
{ 0, 1, 0, 0,0 } 
{ 0, 0, 1, 0,0 } 


ShorestRoadOfOne2AllCity
{ 0, 1, 12, 100 ,100,100}, 
{ 100, 0, 9, 3,100,100 }, 
{ 100, 100, 0, 100,5,100 }, 
{ 100, 100, 4, 0,13,15 } 
{ 100, 100, 100, 100,0,4 } 
{ 100, 100, 100, 100,100,0 } 